n: 1 sol: 0 1.0 2 0.0
n: 2 sol: 1 2.0 3 1.7320508075688772
n: 5 sol: 4 4.58257569495584 6 4.0
n: 17 sol: 16 15.0 18 14.422205101855956
n: 34 sol: 33 30.0 35 29.444863728670914
n: 65 sol: 64 56.57738063926254 66 56.0
n: 241 sol: 240 209.0 242 208.42264752180844
n: 482 sol: 481 418.0 483 417.4242446240994
n: 901 sol: 900 780.5773504272335 902 780.0
n: 3361 sol: 3360 2911.0 3362 2910.4226497194527
n: 6722 sol: 6721 5822.0 6723 5821.422764238997
n: 12545 sol: 12544 10864.577350270005 12546 10864.0
n: 46817 sol: 46816 40545.0 46818 40544.42264973075
n: 93634 sol: 93633 81090.0 93635 81089.42265795213
n: 174725 sol: 174724 151316.5773502692 174726 151316.0
n: 652081 sol: 652080 564719.0 652082 564718.4226497308
n: 1304162 sol: 1304161 1129438.0 1304163 1129437.4226503212
n: 2433601 sol: 2433600 2107560.577350269 2433602 2107560.0
n: 9082321 sol: 9082320 7865521.0 9082322 7865520.422649731
n: 18164642 sol: 18164641 15731042.0 18164643 15731041.422649773
n: 33895685 sol: 33895684 29354524.57735027 33895686 29354524.0
n: 92604733 sol: 92604732 80198051.57735026 92604734 80198051.0
n: 126500417 sol: 126500416 109552575.0 126500418 109552574.42264973
n: 160396102 sol: 160396101 138907099.57735026 160396103 138907099.0
n: 185209465 sol: 185209464 160396102.0 185209466 160396101.4226497
n: 194291786 sol: 194291785 168261623.0 194291787 168261622.42264974
n: 194291787 sol: 194291786 168261623.5773503 194291788 168261623.0
n: 219105150 sol: 219105149 189750626.57735026 219105151 189750626.0
n: 253000834 sol: 253000833 219105150.0 253000835 219105149.42264974
n: 253000835 sol: 253000834 219105150.57735026 253000836 219105150.0
n: 286896519 sol: 286896518 248459674.0 286896520 248459673.42264974
n: 311709882 sol: 311709881 269948677.0 311709883 269948676.42264974
n: 311709883 sol: 311709882 269948677.57735026 311709884 269948677.0
n: 320792204 sol: 320792203 277814198.57735026 320792205 277814198.0
n: 329874525 sol: 329874524 285679719.0 329874526 285679718.42264974